1434027
7071466
7415973
795537
1130525
2453533
6137581
4956582
1949354
5621882
4828662
653356
5601440
3708711
426487
5355044
5299699
5535343
5977236
3354150
2811358
1455250
1478892
1997010
389263
627917
274130
3195161
2321259
4760526
3762436
2818480
6904413
3752272
956494
6217902
4084684
4072977
5282130
6527299
6976319
5266860
2310932
253552
6425838
5096837
3816834
4476812
2296567
7330221
1131511
3484077
2670076
1684206
1819829
1223100
2288469
5158325
898655
755331
5511182
7287737
2593707
6495285
1675689
3185808
4097685
4177625
3934214
755891
4294044
63968
1286436
2984923
904456
724718
4736515
7351045
7692045
2726447
227024
1079450
1395305
3473629
4902868
2939484
1284186
1246878
4508791
26425
2314277
2936037
6216395
187700
166236
4643605
7074375
123425
19113
4781649
2625038
2733413
1617409
1443729
1118439
6308434
843703
3586958
6939671
7603656
4608696
7517533
66595
18947
2387475
6287274
1810538
1660242
6230321
1057039
733
986689
3699620
3928411
7091156
2755144
3271321
3213120
3653849
3762064
3941198
178689
43046
1035348
5343915
3501551
6965204
2257476
4749312
1264981
4713804
157954
75414
3988439
3126026
7545279
4184970
1568716
7766000
2790891
971188
5701220
5947499
1975131
251196
6440731
738576
5584532
5807534
1001784
681732
3122253
768421
2334314
1499841
3086262
5529532
12207
608019
5724196
1228765
5769890
179612
6258044
3996776
3996896
4175024
3447662
660663
5805729
3428931
1058750
3929688
4092239
4277866
4868670
1387506
3827936
7741
337063
5093957
3742083
2456717
1660308
1496791
2146113
897380
4600673
303549
4801991
